<?xml version="1.0"?>
<opencv_storage>
<width>640</width>
<height>480</height>
<r type_id="opencv-matrix">
  <rows>3</rows>
  <cols>3</cols>
  <dt>d</dt>
  <data>
    1. 0. 0. 0. 1. 0. 0. 0. 1.</data></r>
<camera_matrix type_id="opencv-matrix">
  <rows>3</rows>
  <cols>3</cols>
  <dt>d</dt>
  <data>
    4.1972966873351527e+002 0. 3.1238591883450624e+002 0.
    4.2398355813671100e+002 2.4681104565919080e+002 0. 0. 1.</data></camera_matrix>
<distortion_coeffs type_id="opencv-matrix">
  <rows>1</rows>
  <cols>5</cols>
  <dt>d</dt>
  <data>
    -4.1806297419806321e-001 3.3357086669686503e-001
    1.9940433129924952e-003 4.1782241358449829e-004
    -1.9843542021226693e-001</data></distortion_coeffs>
</opencv_storage>
